102.004870
102.004870
102.004870
126.022464
20.771215
10.235368
12.374267
32.601032
64.378919
13.444555
35.061324
19.177331
3.160837
1.557556
1.883041
4.961027
9.796792
2.045911
5.335419
-268.482640
-44.251719
-21.805784
-26.362568
-69.454372
-137.155088
-28.642748
-74.695864
32.875425
5.418578
2.670096
3.228070
8.504617
16.794501
3.507275
9.146432
26.711283
4.402594
2.169453
2.622806
6.910001
13.645532
2.849661
7.431476
-6.849047
-1.128870
-0.556270
-0.672514
-1.771795
-3.498854
-0.730682
-1.905507
67.805565
11.175817
5.507073
6.657893
17.540772
34.638657
7.233755
18.864517
-69.175374
-11.401591
-5.618327
-6.792396
-17.895131
-35.338428
-7.379892
-19.245618
